domain,bakshy_avg_align,bakshy_l2,bakshy_l1,bakshy_n,bakshy_r1,bakshy_r2,bakshy_is_news
100percentfedup.com,0.856,0.0,0.0,0.0006,0.4212,0.5783,1
10tv.com,-0.0984,0.0203,0.2057,0.693,0.0744,0.0065,1
11alive.com,0.0686,0.0088,0.1699,0.5958,0.2211,0.0043,1
6abc.com,-0.5037,0.0925,0.406,0.4659,0.0349,0.0007,1
7online.com,-0.4067,0.0751,0.2747,0.6391,0.0093,0.0018,1
800whistleblower.com,0.8268,0.0002,0.0003,0.0038,0.5081,0.4876,1
9news.com,-0.032,0.0332,0.1355,0.6571,0.16,0.0143,1
aattp.org,-0.8936,0.9486,0.0509,0.0004,0.0001,0.0,1
abc11.com,-0.19,0.074,0.3381,0.4908,0.0926,0.0045,1
abc13.com,0.0097,0.0283,0.1498,0.6534,0.1644,0.0041,1
abc7.com,-0.31,0.1301,0.3264,0.4026,0.1345,0.0065,1
abc7chicago.com,-0.503,0.1239,0.4502,0.3851,0.0389,0.0019,1
abcnews.go.com,-0.1605,0.0505,0.2642,0.5222,0.1082,0.0548,1
aclj.org,0.9268,0.0,0.0,0.0001,0.0645,0.9354,1
aclu.org,-0.7686,0.7872,0.1607,0.0485,0.0018,0.0018,1
act.weareultraviolet.org,-0.971,0.152,0.848,0.0,0.0,0.0,1
addictinginfo.org,-0.8894,0.9392,0.0607,0.0001,0.0,0.0,1
advocate.com,-0.9276,0.9609,0.035,0.0025,0.0005,0.001,1
againstcronycapitalism.org,0.6857,0.0,0.0002,0.0196,0.9008,0.0795,1
al.com,0.009,0.0999,0.1739,0.2678,0.4035,0.0549,1
alan.com,-0.9009,0.9275,0.0657,0.0064,0.0004,0.0,1
algemeiner.com,0.4456,0.0,0.0084,0.4891,0.4591,0.0433,1
aljazeera.com,-0.5895,0.3394,0.5653,0.0828,0.0116,0.0009,1
allenbwest.com,0.8918,0.0,0.0,0.0,0.4003,0.5997,1
allenwestrepublic.com,0.9423,0.0,0.0,0.0,0.0255,0.9745,1
alternativemediasyndicate.com,-0.5579,0.0859,0.8821,0.032,0.0,0.0,1
alternet.org,-0.8804,0.8854,0.1049,0.0082,0.0014,0.0001,1
amazon.com,0.0362,0.1249,0.1045,0.3318,0.2043,0.2345,0
america.aljazeera.com,-0.7362,0.6974,0.2804,0.02,0.0018,0.0004,1
americannews.com,0.8651,0.0,0.0,0.0,0.4532,0.5468,1
americanoverlook.com,0.8311,0.0,0.0,0.0015,0.6537,0.3448,1
americanthinker.com,0.9112,0.0003,0.0,0.0021,0.2326,0.765,1
americasfreedomfighters.com,0.8523,0.0,0.0,0.0006,0.6225,0.3769,1
anonhq.com,-0.4102,0.0005,0.8179,0.1816,0.0,0.0,1
aol.com,0.0133,0.1762,0.2883,0.3116,0.1765,0.0474,1
app.actionsprout.com,-0.6993,0.5989,0.3427,0.0102,0.0338,0.0144,1
armytimes.com,0.4171,0.0001,0.0039,0.1808,0.8134,0.0018,1
atlantablackstar.com,-0.7055,0.4158,0.5792,0.0047,0.0,0.0003,1
attn.com,-0.7747,0.4775,0.522,0.0,0.0005,0.0,1
azcentral.com,-0.1731,0.2588,0.2675,0.2794,0.1725,0.0218,1
azfamily.com,0.0439,0.0201,0.1375,0.5371,0.2922,0.0131,1
baltimoresun.com,-0.1321,0.0959,0.3362,0.2029,0.3162,0.0488,1
bangordailynews.com,-0.1732,0.1389,0.1918,0.3944,0.236,0.039,1
barackobama.com,-0.8077,0.988,0.0114,0.0,0.0006,0.0,1
barenakedislam.com,0.8589,0.0,0.0,0.0106,0.4226,0.5667,1
barracudabrigade.net,0.9381,0.0,0.0,0.0021,0.2317,0.7662,1
battleforthenet.com,-0.5612,0.0,1.0,0.0,0.0,0.0,1
baynews9.com,0.0586,0.033,0.1161,0.4403,0.3937,0.0169,1
bbc.co.uk,-0.3313,0.0784,0.5507,0.336,0.0284,0.0065,1
bbc.com,-0.2609,0.1099,0.474,0.3527,0.0551,0.0083,1
bearingarms.com,0.77,0.0,0.0,0.0,0.9525,0.0475,1
beforeitsnews.com,0.5876,0.0052,0.0638,0.1368,0.6653,0.1289,1
benswann.com,0.4846,0.001,0.0287,0.2702,0.6719,0.0283,1
bigstory.ap.org,-0.2022,0.3084,0.2015,0.224,0.1324,0.1337,1
billmoyers.com,-0.839,0.9448,0.0549,0.0004,0.0,0.0,1
bizpacreview.com,0.9142,0.0,0.0,0.0001,0.1646,0.8352,1
blackamericaweb.com,-0.7772,0.9077,0.0796,0.0122,0.0005,0.0,1
blogs.wsj.com,-0.0746,0.1248,0.195,0.2316,0.404,0.0445,1
bloomberg.com,-0.1565,0.1124,0.2377,0.3086,0.223,0.1183,1
bluenationreview.com,-0.8883,0.9771,0.0226,0.0003,0.0,0.0,1
boingboing.net,-0.7779,0.6098,0.356,0.0319,0.0012,0.0011,1
bostonglobe.com,-0.4446,0.3414,0.3056,0.2657,0.0756,0.0118,1
brainfall.com,-0.0483,0.0005,0.0005,0.56,0.439,0.0,1
breakingisraelnews.com,0.7086,0.0,0.0012,0.0101,0.8687,0.12,1
breitbart.com,0.9136,0.0001,0.0003,0.0052,0.2169,0.7775,1
briefly.today,-0.3198,0.0921,0.0142,0.8471,0.0,0.0465,1
businessinsider.com,-0.0585,0.0562,0.2693,0.4515,0.144,0.0789,1
businessweek.com,-0.2615,0.16,0.3551,0.3364,0.1224,0.0261,1
buzzfeed.com,-0.5242,0.2537,0.4295,0.2777,0.0337,0.0054,1
buzzpo.com,0.976,0.0,0.0003,0.0,0.0217,0.9779,1
c-span.org,-0.0442,0.1102,0.3374,0.2087,0.2203,0.1234,1
caintv.com,0.934,0.0,0.0,0.0,0.0237,0.9762,1
capitalisminstitute.org,0.9044,0.0,0.0,0.0,0.0234,0.9766,1
catholicnewsagency.com,0.5209,0.0003,0.0293,0.2101,0.7088,0.0515,1
cbsnews.com,-0.127,0.1373,0.2552,0.4506,0.1309,0.0259,1
change.org,-0.3442,0.2275,0.2548,0.243,0.2301,0.0447,1
charismanews.com,0.871,0.0003,0.0,0.0019,0.3694,0.6283,1
chicago.cbslocal.com,-0.2568,0.1648,0.1308,0.1721,0.5205,0.0117,1
chicagotribune.com,-0.3117,0.2086,0.3793,0.2949,0.0893,0.0279,1
christiannews.net,0.807,0.0,0.0,0.0002,0.7419,0.2579,1
christianpost.com,0.6722,0.0039,0.067,0.0468,0.4626,0.4198,1
clashdaily.com,0.9218,0.0,0.0,0.0022,0.2291,0.7687,1
cleveland.com,-0.4428,0.1802,0.4955,0.2325,0.0826,0.0093,1
click2houston.com,0.1329,0.0263,0.1694,0.4954,0.2393,0.0696,1
clickondetroit.com,-0.3654,0.0685,0.3284,0.5902,0.0088,0.0041,1
cnbc.com,0.0503,0.0662,0.1803,0.5125,0.1776,0.0635,1
cnn.com,-0.2705,0.0372,0.5139,0.3944,0.0452,0.0093,1
cnsnews.com,0.89865,0.0001,0.0001,0.00125,0.121,0.8775,1
collective-evolution.com,-0.3014,0.0004,0.2856,0.7061,0.0076,0.0003,1
commondreams.org,-0.9673,0.8944,0.0945,0.0108,0.0001,0.0002,1
conservativebyte.com,0.9063,0.0,0.0,0.0012,0.1732,0.8256,1
conservativeinfidel.com,0.9306,0.0,0.0002,0.0002,0.1713,0.8283,1
conservativeoutfitters.com,0.8686,0.0,0.0,0.0,0.3583,0.6417,1
conservativepost.com,0.8962,0.0,0.0,0.0001,0.1449,0.855,1
conservativerefocus.com,0.9457,0.0,0.0,0.0035,0.5746,0.4219,1
conservativetribune.com,0.8866,0.0,0.0,0.0001,0.1305,0.8693,1
controversialtimes.com,0.7836,0.0,0.0002,0.0327,0.807,0.1601,1
countercurrentnews.com,-0.556,0.071,0.8636,0.0625,0.003,0.0,1
courant.com,-0.1968,0.0346,0.0986,0.7826,0.0689,0.0153,1
crooksandliars.com,-0.9218,0.9145,0.0799,0.0024,0.003,0.0002,1
cruz.senate.gov,0.8733,0.0005,0.0,0.0006,0.027,0.9719,1
d.shpg.org,-0.8971,0.8823,0.1161,0.0011,0.0005,0.0,1
dailycaller.com,0.8697,0.0006,0.0058,0.0087,0.1828,0.8021,1
dailycurrant.com,-0.375,0.1463,0.4309,0.1162,0.3066,0.0,1
dailydot.com,-0.5961,0.2917,0.6939,0.0138,0.0004,0.0002,1
dailykos.com,-0.8972,0.9674,0.0291,0.0008,0.0026,0.0,1
dailymail.co.uk,0.286,0.0747,0.1254,0.2482,0.4025,0.1491,1
dailysignal.com,0.9319,0.0,0.0,0.0006,0.0347,0.9647,1
dailysurge.com,0.9195,0.0,0.0,0.0032,0.3281,0.6688,1
dcbeacon.com,0.8735,0.0,0.0,0.0012,0.264,0.7348,1
dcclothesline.com,0.806,0.0004,0.0003,0.1259,0.4729,0.4006,1
dcgazette.com,0.883,0.0,0.0,0.0001,0.6104,0.3896,1
defund.com,0.8898,0.0,0.0001,0.0186,0.3135,0.6678,1
democracynow.org,-0.934,0.9555,0.0401,0.0039,0.0,0.0004,1
denverpost.com,-0.2012,0.228,0.3503,0.2763,0.1082,0.0372,1
dineshdsouza.com,0.937,0.0,0.0,0.0,0.0132,0.9868,1
downtrend.com,0.9136,0.0,0.0,0.0001,0.6681,0.3318,1
duffelblog.com,0.5205,0.0004,0.0003,0.0662,0.9263,0.0068,1
eaglerising.com,0.9018,0.0,0.0,0.0001,0.1366,0.8633,1
earthweareone.com,-0.4698,0.0317,0.946,0.0188,0.0035,0.0,1
economist.com,-0.3173,0.0623,0.5229,0.3545,0.0585,0.0018,1
ecowatch.com,-0.8554,0.727,0.2505,0.0079,0.0147,0.0,1
edition.cnn.com,-0.2615,0.0475,0.4382,0.4606,0.05,0.0037,1
egbertowillies.com,-0.8701,0.9199,0.0801,0.0,0.0,0.0,1
electronicintifada.net,-0.8074,0.6126,0.3827,0.0043,0.0005,0.0,1
elitedaily.com,-0.2558,0.0086,0.1559,0.7929,0.0411,0.0016,1
empirenews.net,-0.0158,0.0651,0.0697,0.2359,0.6291,0.0001,1
en.what-character-are-you.com,-0.009,0.0,0.0102,0.9898,0.0,0.0,1
en.wikipedia.org,-0.2145,0.1241,0.3189,0.3352,0.1607,0.0611,0
endtime.com,0.8043,0.0,0.0,0.0036,0.6801,0.3163,1
endtimeheadlines.org,0.7572,0.0,0.0004,0.0117,0.7654,0.2225,1
examiner.com,0.3807,0.0909,0.0415,0.2467,0.2679,0.353,1
farrahgray.com,-0.7616,0.633,0.3613,0.0045,0.0008,0.0003,1
filmingcops.com,-0.389,0.0015,0.8157,0.1821,0.0006,0.0001,1
finance.yahoo.com,0.0777,0.0192,0.2044,0.452,0.291,0.0333,1
firstcoastnews.com,0.1755,0.0038,0.1102,0.4629,0.4129,0.0101,1
firstlook.org,-0.6805,0.4541,0.4526,0.0916,0.0018,0.0,1
fivethirtyeight.com,-0.5225,0.7152,0.218,0.061,0.0052,0.0007,1
forbes.com,0.0563,0.2931,0.1552,0.2036,0.2153,0.1327,1
foreignpolicy.com,-0.1516,0.054,0.3584,0.5113,0.0533,0.023,1
forwardprogressives.com,-0.8744,0.9836,0.0124,0.0039,0.0001,0.0,1
fox10phoenix.com,0.2386,0.009,0.1008,0.5047,0.369,0.0165,1
fox13now.com,0.0538,0.0139,0.1027,0.6975,0.1551,0.0308,1
fox2now.com,-0.1395,0.0127,0.2088,0.652,0.126,0.0004,1
fox4kc.com,0.0444,0.0089,0.1016,0.795,0.0925,0.002,1
fox59.com,0.0195,0.0108,0.1185,0.6819,0.1829,0.0059,1
fox6now.com,-0.0939,0.0254,0.216,0.6701,0.0815,0.0071,1
fox8.com,-0.1676,0.0172,0.2584,0.6883,0.0338,0.0024,1
foxbaltimore.com,-0.1907,0.0342,0.4627,0.3849,0.0775,0.0408,1
foxcarolina.com,0.3233,0.0119,0.028,0.3652,0.5698,0.0252,1
foxnews.com,0.7754,0.0011,0.0026,0.0089,0.5328,0.4547,1
foxnewsinsider.com,0.8334,0.0001,0.0003,0.0003,0.5829,0.4164,1
freebeacon.com,0.8778,0.0002,0.0005,0.0015,0.1789,0.819,1
freedomoutpost.com,0.9042,0.0001,0.0,0.0019,0.2134,0.7846,1
freep.com,-0.4596,0.2845,0.4516,0.1895,0.0458,0.0286,1
frontpagemag.com,0.9284,0.0005,0.0,0.0031,0.3435,0.6529,1
funker530.com,0.5984,0.0,0.0,0.0022,0.9969,0.0009,1
gawker.com,-0.7749,0.7067,0.251,0.0395,0.002,0.0008,1
gizmodo.com,-0.3002,0.0206,0.6327,0.324,0.0219,0.0008,1
glennbeck.com,0.969,0.0,0.0,0.0,0.008,0.992,1
globalgrind.com,-0.8729,0.9076,0.0917,0.0007,0.0,0.0,1
globalresearch.ca,-0.252,0.0563,0.3456,0.3787,0.2139,0.0054,1
gma.yahoo.com,-0.0472,0.0146,0.1902,0.6248,0.1653,0.0051,1
gop.com,0.9268,0.0,0.0,0.0006,0.0224,0.977,1
gopthedailydose.com,0.9386,0.0001,0.0,0.0002,0.1501,0.8496,1
gothamist.com,-0.7415,0.6293,0.1973,0.1701,0.0033,0.0,1
grist.org,-0.8452,0.8697,0.1254,0.0049,0.0,0.0,1
guns.com,0.7536,0.0278,0.0081,0.0164,0.651,0.2966,1
gunssavelives.net,0.7862,0.0,0.0,0.0013,0.8212,0.1775,1
haaretz.com,-0.504,0.3243,0.4004,0.187,0.0839,0.0045,1
hannity.com,0.9444,0.0,0.0,0.0007,0.0113,0.988,1
headlinepolitics.com,0.8898,0.0,0.0,0.0001,0.1043,0.8955,1
healthimpactnews.com,0.5548,0.0,0.0006,0.0831,0.912,0.0043,1
hemp.org,-0.5268,0.0888,0.8613,0.0483,0.0015,0.0,1
hightimes.com,-0.47665,0.0074,0.9613,0.03115,0.00015,0.0,1
hlntv.com,-0.2211,0.0061,0.2287,0.7574,0.0069,0.001,1
host.madison.com,-0.7585,0.8052,0.1324,0.0306,0.0126,0.0191,1
hosted.ap.org,0.5827,0.0202,0.0151,0.0785,0.2666,0.6195,1
hotair.com,0.9247,0.0,0.0,0.0031,0.1276,0.8694,1
huffingtonpost.ca,-0.469,0.2037,0.1846,0.5069,0.1024,0.0024,1
huffingtonpost.co.uk,-0.4205,0.3074,0.2002,0.4776,0.0133,0.0015,1
huffingtonpost.com,-0.6176,0.3618,0.3306,0.2914,0.0149,0.0013,1
humanevents.com,0.9303,0.0,0.0,0.0005,0.2326,0.767,1
huzlers.com,-0.4188,0.001,0.1645,0.8336,0.0,0.0009,1
ibtimes.co.uk,0.0264,0.0672,0.3565,0.1594,0.3504,0.0665,1
ibtimes.com,-0.1405,0.1825,0.351,0.2039,0.2177,0.0448,1
iflscience.com,-0.4537,0.0299,0.9209,0.0491,0.0,0.0001,1
ifyouonlynews.com,-0.8964,0.9322,0.0642,0.0036,0.0,0.0,1
ijreview.com,0.8901,0.0,0.0,0.0002,0.2207,0.7792,1
independent.co.uk,-0.3598,0.1904,0.4933,0.2079,0.0781,0.0304,1
indiancountrytodaymedianetwork.com,-0.692,0.3031,0.6836,0.013,0.0,0.0003,1
infowars.com,0.5997,0.0004,0.0076,0.1195,0.8103,0.0622,1
inquisitr.com,0.0977,0.083,0.1943,0.1818,0.5026,0.0384,1
insider.foxnews.com,0.8239,0.0,0.0,0.0035,0.4779,0.5186,1
investigations.peta.org,-0.4281,0.0,1.0,0.0,0.0,0.0,1
io9.com,-0.6232,0.2943,0.6491,0.0554,0.0005,0.0008,1
israelnationalnews.com,0.7646,0.0006,0.0084,0.0841,0.6565,0.2504,1
israelvideonetwork.com,0.706,0.0,0.0002,0.1059,0.8363,0.0576,1
jewishpress.com,0.5559,0.0014,0.0077,0.1672,0.6922,0.1315,1
jewsnews.co.il,0.6922,0.0001,0.0003,0.0066,0.8715,0.1215,1
jezebel.com,-0.9487,0.9498,0.0473,0.0026,0.0,0.0003,1
jihadwatch.org,0.839,0.0,0.0003,0.008,0.5119,0.4798,1
joeforamerica.com,0.8878,0.0,0.0,0.0001,0.3923,0.6076,1
jpost.com,0.4149,0.0036,0.0311,0.2302,0.6856,0.0495,1
jrn.com,-0.0377,0.0369,0.141,0.5534,0.2397,0.0291,1
jsonline.com,-0.4045,0.5193,0.168,0.1575,0.0622,0.0929,1
judicialwatch.org,0.8287,0.0,0.0,0.0005,0.5471,0.4524,1
kansascity.com,-0.4023,0.3862,0.3835,0.1385,0.064,0.0279,1
kctv5.com,-0.2071,0.0252,0.1974,0.6986,0.0709,0.0079,1
kdvr.com,0.0225,0.0411,0.1847,0.6127,0.1492,0.0124,1
kfor.com,0.1097,0.046,0.046,0.494,0.408,0.0061,1
kgw.com,-0.2359,0.0366,0.4823,0.4621,0.0156,0.0033,1
khou.com,0.1182,0.0173,0.0795,0.594,0.2956,0.0135,1
kirotv.com,-0.1907,0.0225,0.2303,0.6444,0.0969,0.0058,1
kmov.com,-0.1538,0.0599,0.2601,0.5578,0.1144,0.0079,1
koco.com,0.1027,0.0216,0.0814,0.3404,0.5495,0.007,1
komonews.com,-0.1643,0.0394,0.2861,0.5702,0.096,0.0083,1
kptv.com,-0.0685,0.0064,0.1604,0.8088,0.0237,0.0007,1
ksdk.com,-0.1001,0.0413,0.1456,0.7159,0.0904,0.0068,1
ktla.com,-0.2287,0.17,0.3056,0.3242,0.1931,0.0072,1
kxan.com,-0.039,0.0608,0.1202,0.6763,0.1316,0.0112,1
latimes.com,-0.3995,0.2597,0.4813,0.1613,0.0772,0.0205,1
latino.foxnews.com,0.2312,0.0164,0.0558,0.1035,0.7015,0.1228,1
leftaction.com,-0.8878,0.9979,0.0021,0.0,0.0,0.0,1
legalinsurrection.com,0.8557,0.0,0.0,0.0171,0.0935,0.8894,1
lgbtqnation.com,-0.8501,0.9272,0.0724,0.0004,0.0,0.0,1
liberalamerica.org,-0.9387,0.9855,0.0145,0.0,0.0,0.0,1
libertynews.com,0.8947,0.0,0.0,0.0059,0.2888,0.7053,1
lifenews.com,0.9664,0.0,0.0,0.0096,0.0989,0.8915,1
lifesitenews.com,0.9366,0.0,0.0003,0.0002,0.1266,0.8728,1
liveactionnews.org,0.9228,0.0,0.0,0.0,0.5694,0.4306,1
liveleak.com,0.3231,0.0289,0.0853,0.2843,0.4209,0.1806,1
local10.com,-0.3545,0.0344,0.2441,0.6994,0.0205,0.0016,1
lovebscott.com,-0.883,0.9941,0.0059,0.0,0.0,0.0,1
m.cnsnews.com,0.8665,0.0,0.0009,0.01,0.3132,0.6759,1
m.nydailynews.com,-0.2295,0.1907,0.2693,0.3784,0.1542,0.0074,1
m.youtube.com,0.105,0.1045,0.3193,0.1477,0.2203,0.2082,0
madamenoire.com,-0.8568,0.9732,0.0268,0.0,0.0,0.0,1
madworldnews.com,0.8609,0.0,0.0019,0.0268,0.4473,0.524,1
marinecorpstimes.com,0.5372,0.0003,0.0005,0.0689,0.9252,0.0052,1
mashable.com,-0.4106,0.1874,0.387,0.3678,0.0546,0.0032,1
mediaite.com,-0.1326,0.174,0.2657,0.1785,0.2062,0.1757,1
mediamatters.org,-0.8509,0.913,0.0675,0.0038,0.011,0.0047,1
miamiherald.com,-0.3418,0.3308,0.4055,0.1951,0.0507,0.018,1
mic.com,-0.7083,0.731,0.2392,0.0262,0.0034,0.0002,1
middleeastmonitor.com,-0.6544,0.2207,0.7376,0.0363,0.004,0.0013,1
military.com,0.4081,0.0091,0.0033,0.2139,0.7588,0.0148,1
militarytimes.com,0.4459,0.0002,0.001,0.2094,0.7838,0.0055,1
mlive.com,-0.3186,0.1699,0.3374,0.3744,0.1007,0.0176,1
mondoweiss.net,-0.7135,0.4727,0.5067,0.0184,0.0019,0.0003,1
money.cnn.com,-0.2565,0.0416,0.4745,0.4516,0.0298,0.0024,1
motherjones.com,-0.8663,0.9397,0.052,0.008,0.0002,0.0,1
mrctv.org,0.8636,0.0,0.0001,0.0003,0.2275,0.7722,1
msn.com,-0.084,0.0184,0.2891,0.5583,0.1244,0.0098,1
msnbc.com,-0.8102,0.894,0.0762,0.0089,0.0178,0.003,1
myfox8.com,-0.021,0.0073,0.1739,0.5759,0.2397,0.0032,1
myfoxal.com,0.0788,0.022,0.1066,0.3927,0.4735,0.0052,1
myfoxchicago.com,-0.342,0.0185,0.5575,0.4087,0.0131,0.0021,1
myfoxdetroit.com,-0.3483,0.058,0.6436,0.2821,0.0144,0.0018,1
myfoxdfw.com,0.1633,0.057,0.0983,0.4965,0.3298,0.0183,1
myfoxny.com,-0.0713,0.0157,0.3312,0.5468,0.0783,0.028,1
myfoxtampabay.com,0.1475,0.0262,0.0718,0.6636,0.229,0.0095,1
myfoxtwincities.com,-0.1171,0.0331,0.2195,0.6817,0.0624,0.0034,1
nahadaily.com,-0.7746,0.9659,0.0341,0.0,0.0,0.0,1
nation.foxnews.com,0.9012,0.0004,0.0,0.0103,0.3154,0.6739,1
nationaljournal.com,0.0191,0.1802,0.1557,0.2037,0.2025,0.2579,1
nationalprolifealliance.com,0.9108,0.0,0.0,0.0,0.0902,0.9098,1
nationalreport.net,0.1168,0.2179,0.0656,0.4874,0.1648,0.0642,1
nationalreview.com,0.9009,0.0005,0.0033,0.0033,0.1678,0.825,1
nationalrighttolifenews.org,0.9739,0.0,0.0,0.0,0.0158,0.9842,1
nationofchange.org,-0.8262,0.6131,0.3814,0.0055,0.0,0.0,1
naturalnews.com,0.4837,0.0007,0.0004,0.3101,0.6812,0.0077,1
navytimes.com,0.3365,0.0,0.0017,0.3005,0.6945,0.0032,1
nbcbayarea.com,-0.5023,0.2271,0.5329,0.2262,0.0124,0.0013,1
nbcchicago.com,-0.3416,0.1363,0.3201,0.4343,0.0999,0.0094,1
nbcconnecticut.com,-0.1992,0.0145,0.2984,0.6606,0.0198,0.0067,1
nbcdfw.com,0.1204,0.0383,0.0292,0.646,0.2559,0.0305,1
nbclosangeles.com,-0.2456,0.0674,0.448,0.4248,0.0515,0.0082,1
nbcnews.com,-0.2735,0.0494,0.4467,0.4368,0.0641,0.003,1
nbcnewyork.com,-0.3704,0.0655,0.5105,0.3652,0.0565,0.0023,1
nbcphiladelphia.com,-0.3285,0.0737,0.5449,0.3026,0.0769,0.0019,1
nbcsandiego.com,-0.1038,0.0211,0.2682,0.6178,0.0858,0.0072,1
nbcwashington.com,-0.4291,0.0977,0.4602,0.278,0.1619,0.0021,1
newjersey.news12.com,-0.2447,0.0542,0.294,0.6268,0.0231,0.0018,1
newnownext.com,-0.9097,0.0648,0.9352,0.0,0.0,0.0,1
newrepublic.com,-0.6695,0.7501,0.1501,0.0946,0.0041,0.0011,1
news.investors.com,0.8955,0.0,0.0015,0.0097,0.2219,0.7668,1
news.kron4.com,-0.6604,0.3254,0.6199,0.0534,0.0006,0.0007,1
news.msn.com,-0.0623,0.0129,0.2379,0.6027,0.144,0.0025,1
news.vice.com,-0.4284,0.1333,0.6371,0.2143,0.0139,0.0014,1
news.yahoo.com,0.0493,0.026,0.2373,0.4892,0.2168,0.0308,1
news9.com,0.1417,0.0133,0.1824,0.441,0.3475,0.0159,1
newsbusters.org,0.9168,0.0001,0.0,0.0003,0.0306,0.969,1
newsiosity.com,0.6111,0.0,0.0026,0.0574,0.6172,0.3229,1
newsmax.com,0.7697,0.0062,0.01,0.0708,0.5034,0.4096,1
newsninja2012.com,0.8971,0.0,0.0006,0.0396,0.5611,0.3988,1
newsone.com,-0.7794,0.7554,0.2393,0.0049,0.0003,0.0001,1
newsweek.com,-0.2726,0.2297,0.5144,0.1681,0.0778,0.01,1
newyork.cbslocal.com,-0.2017,0.0483,0.2296,0.5132,0.1975,0.0114,1
newyorker.com,-0.7584,0.8642,0.1235,0.0078,0.0043,0.0002,1
next-genpatriots.com,0.8144,0.0003,0.0,0.0047,0.3244,0.6706,1
nj.com,-0.2969,0.1198,0.3462,0.4338,0.0884,0.0119,1
nola.com,-0.2175,0.1882,0.3151,0.2893,0.1415,0.066,1
nowtheendbegins.com,0.8533,0.0,0.0046,0.0002,0.4914,0.5038,1
npr.org,-0.6103,0.4501,0.4682,0.0732,0.0081,0.0003,1
nraila.org,0.8529,0.0018,0.0,0.0014,0.6561,0.3406,1
nrcc.org,0.9257,0.0,0.0,0.0,0.0104,0.9896,1
numbersusa.com,0.8549,0.0,0.0,0.0008,0.7799,0.2193,1
nydailynews.com,-0.2139,0.1461,0.3943,0.2983,0.1445,0.0168,1
nypost.com,0.2497,0.0115,0.1175,0.2374,0.5029,0.1306,1
nytimes.com,-0.5469,0.4281,0.3689,0.1255,0.0749,0.0027,1
occupydemocrats.com,-0.899,0.9928,0.0072,0.0,0.0,0.0,1
odmp.org,0.5967,0.0003,0.0012,0.0084,0.9779,0.0122,1
okcfox.com,0.1296,0.0248,0.1147,0.4955,0.3442,0.0209,1
online.wsj.com,0.2764,0.0171,0.1282,0.2796,0.3487,0.2263,1
opposingviews.com,0.2685,0.0115,0.0104,0.216,0.7617,0.0004,1
ora.tv,-0.2014,0.0004,0.7156,0.2391,0.0434,0.0015,1
oregonlive.com,-0.3203,0.1426,0.485,0.1323,0.1775,0.0627,1
pamelageller.com,0.8632,0.0,0.0,0.0003,0.3702,0.6294,1
patch.com,-0.0102,0.0325,0.1333,0.6676,0.1421,0.0245,1
patheos.com,-0.2624,0.4381,0.2407,0.1222,0.0532,0.1459,1
patriotnewswire.com,0.829,0.0,0.0,0.0,0.4544,0.5456,1
patriotupdate.com,0.8892,0.0012,0.0,0.0005,0.2774,0.7209,1
pbs.org,-0.5393,0.1467,0.7293,0.0753,0.0464,0.0022,1
people.com,-0.2034,0.017,0.247,0.7051,0.0296,0.0013,1
personalliberty.com,0.8637,0.0,0.0002,0.0161,0.6313,0.3524,1
petitions.whitehouse.gov,-0.2005,0.2485,0.3023,0.1295,0.103,0.2168,1
philly.com,-0.3668,0.2933,0.3064,0.3035,0.0746,0.0221,1
pittsburgh.cbslocal.com,-0.1747,0.1059,0.1431,0.6705,0.0564,0.0241,1
pix11.com,-0.5719,0.1315,0.5237,0.1324,0.212,0.0004,1
pjmedia.com,0.9125,0.0,0.0003,0.0018,0.1627,0.8353,1
policeone.com,0.5063,0.0002,0.0003,0.0382,0.9591,0.0022,1
policestateusa.com,-0.0106,0.1203,0.028,0.7885,0.062,0.0011,1
politicalears.com,0.8225,0.0,0.0001,0.0006,0.5361,0.4632,1
politico.com,-0.1334,0.1215,0.2799,0.2149,0.2573,0.1264,1
politicususa.com,-0.9037,0.994,0.0055,0.0001,0.0005,0.0,1
politifact.com,-0.4802,0.4754,0.431,0.0514,0.0208,0.0213,1
popularmilitary.com,0.4461,0.0,0.0033,0.1239,0.8612,0.0116,1
prepperchimp.com,0.8496,0.0,0.0,0.0006,0.4394,0.56,1
presstv.ir,-0.4142,0.1495,0.5204,0.2566,0.0588,0.0147,1
q13fox.com,-0.0132,0.0114,0.1315,0.7234,0.1253,0.0083,1
qpolitical.com,0.861,0.0,0.0,0.0027,0.3813,0.616,1
quiznatic.com,0.2979,0.0656,0.0111,0.1108,0.7307,0.0818,1
quizony.com,-0.0018,0.2098,0.1305,0.053,0.0876,0.5191,1
qz.com,-0.4713,0.3859,0.4177,0.1855,0.0062,0.0047,1
radio.foxnews.com,0.6973,0.0044,0.0147,0.0129,0.3649,0.6031,1
rare.us,0.6386,0.0003,0.0013,0.029,0.8119,0.1574,1
rawstory.com,-0.8534,0.8366,0.1598,0.0022,0.0011,0.0003,1
readersupportednews.org,-0.9984,0.8215,0.1755,0.0028,0.0002,0.0,1
reagancoalition.com,0.8878,0.0,0.0,0.0004,0.3484,0.6512,1
realclearpolitics.com,0.6616,0.0161,0.065,0.0574,0.3529,0.5086,1
reason.com,0.3502,0.0091,0.0378,0.2825,0.5811,0.0895,1
redflagnews.com,0.9163,0.0001,0.0002,0.0058,0.3044,0.6896,1
redstate.com,0.9624,0.0002,0.0,0.0007,0.0685,0.9306,1
reuters.com,-0.0945,0.0973,0.2818,0.3729,0.1829,0.0652,1
reverbpress.com,-0.8922,0.9404,0.0596,0.0,0.0,0.0,1
rightwingnews.com,0.88795,0.0,0.0,0.0,0.3033,0.6967000000000001,1
rightwingwatch.org,-0.9407,0.8874,0.1046,0.006,0.002,0.0,1
ringoffireradio.com,-0.9472,0.9861,0.0134,0.0005,0.0,0.0,1
rollingstone.com,-0.6487,0.5395,0.4189,0.0364,0.0052,0.0001,1
rt.com,-0.1488,0.0157,0.3891,0.5164,0.075,0.0037,1
rushlimbaugh.com,1.0077,0.0,0.0,0.0,0.0021,0.9979,1
sacramento.cbslocal.com,-0.1622,0.0574,0.3573,0.4637,0.0942,0.0274,1
salon.com,-0.8753,0.8951,0.0987,0.0042,0.002,0.0001,1
samuel-warde.com,-0.9095,0.9372,0.0628,0.0,0.0,0.0,1
sanders.senate.gov,-0.8528,0.8903,0.1097,0.0,0.0,0.0,1
scgnews.com,0.1063,0.0021,0.104,0.8363,0.0576,0.0,1
secretsofthefed.com,0.0666,0.01,0.0374,0.7975,0.0789,0.0763,1
secure.nrdconline.org,-0.6553,0.3558,0.5217,0.086,0.0366,0.0,1
secure3.convio.net,-0.6422,0.2187,0.3215,0.3904,0.068,0.0014,1
sfgate.com,-0.581,0.4248,0.4295,0.0788,0.0545,0.0125,1
share.credoaction.com,-0.8941,0.9637,0.0349,0.0014,0.0,0.0001,1
shoebat.com,0.8703,0.0,0.0003,0.0018,0.4355,0.5624,1
silive.com,-0.0627,0.0581,0.1643,0.5826,0.1877,0.0073,1
slate.com,-0.6813,0.6183,0.3083,0.0606,0.0112,0.0016,1
sonsoflibertymedia.com,0.9286,0.0,0.0,0.0002,0.1663,0.8336,1
stltoday.com,-0.309,0.1738,0.338,0.3954,0.0806,0.0122,1
stripes.com,0.3658,0.0027,0.0116,0.2253,0.7375,0.023,1
student-debt-forgiveness.com,-0.5858,0.054,0.8958,0.0496,0.0,0.0006,1
tacticalshit.com,0.8118,0.0004,0.0,0.0031,0.6813,0.3152,1
takepart.com,-0.7045,0.6588,0.3134,0.0267,0.001,0.0,1
talkingpointsmemo.com,-0.8614,0.8155,0.1473,0.0109,0.0258,0.0005,1
tampabay.com,-0.4745,0.5919,0.2405,0.1056,0.0421,0.0199,1
teaparty.org,0.9423,0.0001,0.0001,0.0011,0.188,0.8108,1
teapartycrusaders.com,0.8525,0.0007,0.0005,0.0161,0.3096,0.6731,1
ted.com,-0.4859,0.049,0.8185,0.1234,0.0074,0.0017,1
telegraph.co.uk,0.0269,0.0449,0.2161,0.3433,0.323,0.0728,1
tellmenow.com,0.7818,0.0001,0.0001,0.1245,0.7366,0.1387,1
theantimedia.org,-0.3584,0.0032,0.8089,0.1861,0.0017,0.0,1
theatlantic.com,-0.5424,0.3608,0.5057,0.1155,0.0163,0.0018,1
theblaze.com,0.8887,0.0,0.0004,0.0043,0.3091,0.6862,1
thecolbertreport.cc.com,-0.6937,0.6752,0.2911,0.0325,0.0012,0.0,1
thedailybeast.com,-0.4561,0.2756,0.4463,0.1215,0.1393,0.0173,1
thedailyshow.cc.com,-0.6704,0.6918,0.2423,0.0452,0.0203,0.0005,1
thedenverchannel.com,-0.012,0.0429,0.1817,0.5704,0.1911,0.0139,1
theeverlastinggopstoppers.com,-0.8928,0.9458,0.0542,0.0,0.0,0.0,1
thefederalist.com,0.8559,0.0,0.1095,0.0157,0.1852,0.6897,1
thefederalistpapers.org,0.8659,0.0,0.0067,0.0002,0.3221,0.671,1
thefreethoughtproject.com,-0.3618,0.0191,0.7108,0.2692,0.0008,0.0001,1
thegatewaypundit.com,0.9389,0.0,0.0031,0.0074,0.297,0.6925,1
thegrio.com,-0.8326,0.9113,0.0886,0.0001,0.0,0.0,1
theguardian.com,-0.5723,0.485,0.3601,0.123,0.0294,0.0025,1
thehill.com,0.1661,0.1358,0.1426,0.1613,0.3789,0.1813,1
themindunleashed.org,-0.4008,0.0025,0.8098,0.1877,0.0,0.0,1
theminorityreportblog.com,0.9026,0.0,0.0004,0.0001,0.1707,0.8288,1
thenation.com,-0.9463,0.8956,0.1011,0.003,0.0001,0.0002,1
thenewamerican.com,0.7993,0.0005,0.0027,0.0146,0.6039,0.3783,1
thenewcivilrightsmovement.com,-0.9643,0.9869,0.0072,0.0059,0.0,0.0,1
theonion.com,-0.5516,0.1887,0.7312,0.0794,0.0005,0.0001,0
thepcmdgazette.com,0.8222,0.1585,0.0017,0.0117,0.4742,0.3539,1
thepetitionsite.com,-0.6,0.4272,0.4916,0.0688,0.0094,0.003,1
thepolicewifelifeblog.com,0.6271,0.0,0.0,0.0,1.0,0.0,1
thepoliticalinsider.com,0.8998,0.0,0.0,0.0001,0.0989,0.901,1
therightscoop.com,0.9275,0.0,0.0007,0.0011,0.2792,0.719,1
theroot.com,-0.7792,0.8379,0.1552,0.0067,0.0001,0.0002,1
thetruthaboutguns.com,0.6965,0.0,0.0046,0.0227,0.8515,0.1212,1
theuspatriot.com,0.8568,0.0,0.0,0.0,0.6038,0.3962,1
theverge.com,-0.2609,0.0682,0.4738,0.4438,0.0128,0.0014,1
theweek.com,-0.1809,0.1754,0.1858,0.273,0.3507,0.0152,1
thinkprogress.org,-0.8615,0.9498,0.0485,0.0014,0.0002,0.0,1
threepercenternation.com,0.8465,0.0001,0.0,0.0013,0.5369,0.4618,1
time.com,-0.3336,0.2594,0.3651,0.2387,0.1072,0.0298,1
timesofisrael.com,0.3685,0.0125,0.044,0.3475,0.5743,0.0218,1
today.com,-0.1668,0.0064,0.2203,0.7328,0.0387,0.0019,1
topinfopost.com,-0.1502,0.0073,0.6837,0.2701,0.0347,0.0043,1
toprightnews.com,0.8796,0.0,0.0,0.0,0.4225,0.5775,1
townhall.com,0.9263,0.0002,0.0004,0.0009,0.1307,0.8678,1
tpnn.com,0.9323,0.0,0.0,0.0,0.0198,0.9801,1
trueactivist.com,-0.6032,0.0135,0.2341,0.0566,0.6958,0.0,1
truth-out.org,-0.8937,0.8042,0.1917,0.0037,0.0001,0.0002,1
truthandaction.org,0.7952,0.0,0.0001,0.0008,0.7723,0.2268,1
truthdig.com,-0.8565,0.799,0.1909,0.0091,0.0007,0.0003,1
truthrevolt.org,0.8805,0.0006,0.0,0.0318,0.4558,0.5118,1
truthuncensored.net,0.8463,0.0,0.0,0.0085,0.5336,0.4579,1
twitchy.com,0.9375,0.0,0.0029,0.001,0.1177,0.8784,1
twitter.com,-0.2177,0.4426,0.1053,0.1258,0.1201,0.2062,0
tytnetwork.com,-0.7785,0.5193,0.4767,0.0036,0.0004,0.0,1
ulstermanbooks.com,0.9456,0.0,0.0,0.0,0.0658,0.9342,1
unitedwithisrael.org,0.5564,0.0001,0.0005,0.0445,0.9497,0.0052,1
universalfreepress.com,0.8641,0.0,0.0015,0.0005,0.4119,0.5861,1
uproxx.com,-0.4468,0.1885,0.6115,0.1867,0.0133,0.0,1
upworthy.com,-0.8097,0.6771,0.3165,0.0064,0.0,0.0,1
usatoday.com,-0.0635,0.0803,0.2209,0.515,0.165,0.0188,1
usnews.com,-0.0392,0.0825,0.2029,0.1388,0.2019,0.3739,1
valleycentral.com,0.0592,0.0404,0.1963,0.4897,0.2274,0.0463,1
vice.com,-0.6267,0.2262,0.7134,0.042,0.0178,0.0006,1
video.foxnews.com,0.838,0.001,0.002,0.0158,0.3087,0.6725,1
video.lauraingraham.com,0.9419,0.0,0.0,0.0,0.0673,0.9327,1
vimeo.com,-0.2916,0.4595,0.1619,0.0934,0.1376,0.1476,0
viral.buzz,0.9176,0.0,0.0,0.0,0.0436,0.9564,1
viralsurvival.com,0.813,0.0,0.0,0.0016,0.606,0.3923,1
virtualjerusalem.com,0.512,0.0,0.0049,0.073,0.8998,0.0224,1
voicesofliberty.com,0.4358,0.0002,0.0004,0.2866,0.7086,0.0041,1
vox.com,-0.6591,0.5967,0.3334,0.0494,0.0198,0.0007,1
warrior.scout.com,0.3947,0.0,0.0008,0.0553,0.9408,0.0031,1
washington.cbslocal.com,0.3279,0.0311,0.0295,0.1414,0.4899,0.3081,1
washingtonexaminer.com,0.82045,0.00155,0.0135,0.01075,0.33455,0.63965,1
washingtonpost.com,-0.2568,0.2089,0.3615,0.2132,0.1598,0.0567,1
washingtontimes.com,0.6975,0.0049,0.015,0.0267,0.473,0.4805,1
wbaltv.com,-0.0221,0.034,0.2902,0.5514,0.1086,0.0159,1
wcvb.com,-0.185,0.0272,0.3479,0.5806,0.0408,0.0034,1
weaselzippers.us,1.0295,0.0,0.0002,0.0006,0.13,0.8692,1
weeklystandard.com,0.9074,0.0004,0.0,0.0231,0.0985,0.8781,1
westernjournalism.com,0.8991,0.0,0.0,0.0001,0.219,0.7808,1
wfaa.com,0.1198,0.0148,0.047,0.5906,0.3393,0.0082,1
wfla.com,0.041,0.006,0.0931,0.6402,0.2525,0.0082,1
wfmz.com,-0.0973,0.0257,0.1756,0.6908,0.1002,0.0078,1
wfsb.com,-0.1726,0.0205,0.4086,0.5298,0.0386,0.0026,1
wftv.com,-0.2162,0.0233,0.4287,0.4862,0.0565,0.0053,1
wgntv.com,-0.3593,0.0427,0.5848,0.2707,0.0994,0.0025,1
whio.com,-0.0029,0.0104,0.1408,0.6881,0.1502,0.0105,1
whitehouse.gov,-0.5325,0.4957,0.3248,0.1266,0.0499,0.003,1
whnt.com,0.265,0.0006,0.017,0.1612,0.8152,0.006,1
wired.com,-0.4027,0.0445,0.6135,0.31,0.0258,0.0061,1
wjla.com,-0.3195,0.0871,0.4446,0.3086,0.1435,0.0162,1
wmur.com,0.098,0.0767,0.0543,0.7367,0.1209,0.0113,1
wnd.com,0.9013,0.0,0.0,0.0003,0.264,0.7357,1
wnep.com,-0.0328,0.0125,0.1014,0.7843,0.0988,0.003,1
worldstarhiphop.com,-0.7047,0.4041,0.5942,0.001,0.0006,0.0,1
worldtruth.tv,-0.0491,0.001,0.0986,0.8306,0.0697,0.0001,1
woundedamericanwarrior.com,0.8614,0.0,0.0,0.001,0.5539,0.4451,1
wpxi.com,-0.2221,0.0465,0.2302,0.6782,0.0424,0.0027,1
wral.com,-0.0685,0.1767,0.2693,0.3081,0.2208,0.0251,1
wsbtv.com,-0.0872,0.0247,0.2159,0.5769,0.1715,0.011,1
wsfa.com,0.1107,0.0189,0.1382,0.419,0.4082,0.0157,1
wsj.com,0.2754,0.0101,0.1253,0.1632,0.6209,0.0805,1
wtsp.com,-0.0038,0.028,0.306,0.5243,0.1213,0.0205,1
wtvr.com,-0.0734,0.0691,0.153,0.7082,0.0661,0.0037,1
wusa9.com,-0.4447,0.0902,0.5828,0.2755,0.0515,0.0,1
wxyz.com,-0.3539,0.0662,0.3532,0.5462,0.033,0.0015,1
ynetnews.com,0.3335,0.0229,0.146,0.3353,0.4418,0.0539,1
youngcons.com,0.9684999999999999,0.0,0.0,0.0,0.1725,0.8274999999999999,1
yournewswire.com,-0.2572,0.04,0.3849,0.4454,0.1222,0.0075,1
youtube.com,0.0634,0.1533,0.2184,0.1947,0.2606,0.173,0
zerohedge.com,0.4721,0.0032,0.0218,0.2158,0.5655,0.1936,1
